4,13,21
0:経営,1:迷宮,2:ToolBar,3:素材,4:ログ,5:情報,6:求人,7:装備品,8:パーティ,9:Helpアイテム,10:Helpダンジョン,11:Helpギルメン,12:Help戦術,13:製造,14:収支,15:依頼,16:設定,17:,18:,19:,20:その他,
51,22,62,31,31,32,31,31,90,61,46,60,1,64,26,26,29,1,1,1,24,
10,10,69,45,71,14,59,275,30,92,20,43,62,9,71,1,1,30,75,87,15,5,40,40,45,45,270,20,25,10,235,2,2,4,0,50,270,54,15,5,40,40,45,45,21,115,0,0,0,0,0,
10,10,53,45,57,10,50,282,600,15,10,44,44,45,22,22,38,25,4,1,20,48,
10,40,40,40,50,11,6,220,28,240,100,496,110,380,120,255,250,300,240,194,55,80,20,20,9,22,18,104,-20,170,210,28,5,15,0,0,0,0,0,0,0,0,0,0,0,0,0,0,0,0,0,0,0,0,0,0,0,0,0,0,0,0,
10,42,10,42,40,40,21,17,27,0,36,6,10,21,35,20,0,0,0,0,0,0,0,0,0,0,0,0,0,0,0,
10,10,60,45,65,50,255,550,40,99,15,5,100,20,30,7,25,15,2,245,30,30,17,50,8,32,200,130,100,200,200,
10,10,240,30,32,55,5,5,1,30,230,230,5,5,13,34,30,2,30,26,60,20,17,0,24,37,6,55,34,8,65,39,
10,50,38,48,40,50,32,16,32,19,6,6,247,46,10,10,134,32,150,10,98,32,20,16,61,2,93,120,17,86,0,
8,8,28,35,29,11,5,40,48,41,49,7,3,37,7,23,30,34,25,26,14,0,1,0,0,0,0,0,0,0,0,
10,10,508,180,4,91,16,81,168,4,16,71,21,10,21,3,65,24,4,35,60,6,15,60,85,110,4,49,136,47,130,4,124,62,40,60,23,11,11,7,30,38,6,6,44,35,36,36,10,47,50,8,45,103,134,6,82,71,18,38,82,10,82,18,6,5,7,88,35,6,236,28,115,63,106,150,85,543,128,100,-18,16,36,6,0,0,0,0,0,0,
250,286,5,5,240,30,10,7,165,40,5,37,35,41,20,47,17,55,74,70,10,77,29,92,192,80,40,75,211,80,12,104,72,218,62,17,219,149,220,31,104,225,154,233,17,15,251,118,104,255,234,9,118,230,10,110,260,0,0,0,0,
120,220,10,8,71,6,37,22,36,6,54,4,4,43,70,40,114,44,154,45,187,40,46,85,24,98,168,95,184,202,11,96,163,97,63,22,110,150,185,0,0,0,0,0,0,0,
520,316,0,5,5,200,40,25,25,45,13,85,12,42,28,36,8,144,8,18,200,10,18,42,261,10,12,36,40,11,17,143,16,190,-37,210,9,10,11,32,42,4,41,25,50,0,0,305,302,0,0,0,0,0,0,0,0,0,0,0,
1,
374,5,5,36,10,56,56,3,80,42,5,57,40,55,47,30,55,41,53,21,19,36,33,3,34,5,5,7,6,73,1,5,4,82,42,5,50,37,180,20,12,185,16,40,31,20,36,92,88,41,3,28,3,28,35,22,57,8,46,-2,5,34,64,22,
10,10,290,30,10,45,28,290,26,20,2,2,58,7,280,155,270,5,5,27,282,0,0,0,0,0,
0,0,0,0,0,0,0,0,0,0,0,0,0,0,0,0,0,0,0,0,0,0,0,0,0,0,
10,10,50,90,300,38,20,163,132,140,30,20,20,135,285,18,50,5,213,5,70,70,1,7,120,270,1,30,35,
0,
0,
0,
10,10,260,115,20,143,132,120,30,227,45,58,2,7,12,0,0,0,0,0,0,0,0,0,
